0.446667 0.276224
0.133333 0.293896
0.480000 0.404363
-0.113333 0.276224
0.506667 0.533609
0.253333 0.258435
0.160000 0.300242
0.540000 0.697994
-0.160000 0.467054
0.346667 0.173325
0.073333 0.252322
-0.120000 0.298006
0.020000 0.199159
0.513333 0.567529
0.146667 0.298114
0.046667 0.225871
0.280000 0.232675
0.313333 0.199159
0.233333 0.274846
-0.140000 0.375123
0.126667 0.291027
0.366667 0.166809
0.066667 0.245958
-0.053333 0.170913
0.300000 0.212264
-0.066667 0.181143
0.306667 0.205608
-0.006667 0.177295
-0.100000 0.238891
0.533333 0.667071
0.420000 0.209869
0.140000 0.296262
0.000000 0.181971
-0.080000 0.198387
-0.013333 0.173325
0.026667 0.205608
0.053333 0.232675
0.413333 0.198387
0.433333 0.238891
0.166667 0.300509
0.220000 0.283838
0.520000 0.601369
0.373333 0.166835
-0.146667 0.404363
-0.166667 0.500000
0.453333 0.298006
0.153333 0.299443
0.386667 0.170913
0.393333 0.175203
0.100000 0.274846
0.333333 0.181971
-0.046667 0.168163
0.353333 0.170175
0.406667 0.188840
0.240000 0.269734
-0.093333 0.223353
-0.086667 0.209869
-0.126667 0.321810
0.273333 0.239391
0.360000 0.167962
0.500000 0.500000
0.493333 0.467054
0.266667 0.245958
0.200000 0.293896
0.340000 0.177295
-0.073333 0.188840
0.093333 0.269734
0.113333 0.283838
0.260000 0.252322
-0.026667 0.167962
0.460000 0.321810
0.180000 0.299443
-0.153333 0.435084
0.086667 0.264252
0.320000 0.193006
0.293333 0.219044
-0.033333 0.166809
0.193333 0.296262
0.226667 0.279556
0.106667 0.279556
0.173333 0.300242
0.426667 0.223353
0.326667 0.187244
0.186667 0.298114
0.206667 0.291027
0.033333 0.212264
0.440000 0.256512
0.380000 0.168163
0.246667 0.264252
0.486667 0.435084
0.060000 0.239391
0.286667 0.225871
0.546667 0.726969
0.013333 0.193006
0.526667 0.634702
-0.106667 0.256512
0.553333 0.753482
0.473333 0.375123
0.080000 0.258435
-0.040000 0.166835
0.120000 0.287669
0.400000 0.181143
0.213333 0.287669
-0.020000 0.170175
-0.060000 0.175203
0.466667 0.347554
0.560000 0.777018
-0.133333 0.347554
0.006667 0.187244
0.040000 0.219044
0.446667 0.323384
0.133333 0.262003
0.480000 0.351085
-0.113333 0.259500
0.506667 0.382177
0.253333 0.268135
0.160000 0.262814
0.540000 0.436869
-0.160000 0.259410
0.346667 0.281890
0.073333 0.260791
-0.120000 0.259485
0.020000 0.260170
0.513333 0.391540
0.146667 0.262382
0.046667 0.260441
0.280000 0.270825
0.313333 0.275408
0.233333 0.266545
-0.140000 0.259443
0.126667 0.261831
0.366667 0.287027
0.066667 0.260695
-0.053333 0.259701
0.300000 0.273384
-0.066667 0.259645
0.306667 0.274361
-0.006667 0.259960
-0.100000 0.259535
0.533333 0.424246
0.420000 0.307594
0.140000 0.262186
0.000000 0.260008
-0.080000 0.259597
-0.013333 0.259916
0.026667 0.260232
0.053333 0.260521
0.413333 0.304324
0.433333 0.314904
0.166667 0.263053
0.220000 0.265649
0.520000 0.401637
0.373333 0.288997
-0.146667 0.259431
-0.166667 0.259400
0.453333 0.328123
0.153333 0.262591
0.386667 0.293388
0.393333 0.295831
0.100000 0.261244
0.333333 0.279023
-0.046667 0.259731
0.353333 0.283483
0.406667 0.301284
0.240000 0.267039
-0.093333 0.259555
-0.086667 0.259575
-0.126667 0.259470
0.273333 0.270082
0.360000 0.285192
0.500000 0.373498
0.493333 0.365453
0.266667 0.269388
0.200000 0.264512
0.340000 0.280406
-0.073333 0.259620
0.093333 0.261120
0.113333 0.261518
0.260000 0.268740
-0.026667 0.259835
0.460000 0.333231
0.180000 0.263579
-0.153333 0.259420
0.086667 0.261003
0.320000 0.276530
0.293333 0.272471
-0.033333 0.259798
0.193333 0.264180
0.226667 0.266082
0.106667 0.261377
0.173333 0.263307
0.426667 0.311114
0.326667 0.277733
0.186667 0.263870
0.206667 0.264866
0.033333 0.260297
0.440000 0.318986
0.380000 0.291114
0.246667 0.267568
0.486667 0.357996
0.060000 0.260605
0.286667 0.271620
0.546667 0.450443
0.013333 0.260113
0.526667 0.412521
-0.106667 0.259517
0.553333 0.465022
0.473333 0.344678
0.080000 0.260894
-0.040000 0.259763
0.120000 0.261670
0.400000 0.298459
0.213333 0.265244
-0.020000 0.259874
-0.060000 0.259672
0.466667 0.338739
0.560000 0.480654
-0.133333 0.259456
0.006667 0.260059
0.040000 0.260367
